1678807226595 0.30376312136650085 0
1678807246620 0.24913811683654785 1
1678807262971 0.17589494585990906 2
1678807279601 0.2026665210723877 3
1678807294888 0.13825224339962006 4
1678807310739 0.13616050779819489 5
1678807326687 0.07507982850074768 6
1678807342187 0.11850489675998688 7
1678807357738 0.13597597181797028 8
1678807374394 0.04288020357489586 9
1678807391050 0.04855335131287575 10
1678807407477 0.0346030667424202 11
1678807423619 0.025631316006183624 12
1678807439355 0.029861630871891975 13
1678807455078 0.025474321097135544 14
1678807471866 0.038777295500040054 15
1678807491296 0.022485429421067238 16
1678807512444 0.05559557303786278 17
1678807530944 0.009637794457376003 18
1678807548799 0.02108176425099373 19
1678807566278 0.011661669239401817 20
1678807581885 0.00810723751783371 21
1678807597637 0.006833510473370552 22
1678807613520 0.011715088970959187 23
1678807629301 0.01462593860924244 24
1678807646113 0.004340293817222118 25
1678807664729 0.022157849743962288 26
1678807681004 0.006357373669743538 27
1678807697243 0.05360562726855278 28
1678807713529 0.003930707462131977 29
1678807729687 0.0038669256027787924 30
1678807746921 0.006989506538957357 31
1678807763636 0.0029474457260221243 32
1678807779892 0.0028122032526880503 33
1678807795838 0.0032825556118041277 34
1678807811859 0.006149645894765854 35
1678807830215 0.0033253354486078024 36
1678807848089 0.010003147646784782 37
1678807864035 0.002553138881921768 38
1678807880080 0.0020607660990208387 39
1678807896126 0.008786169812083244 40
1678807912822 0.001980280503630638 41
1678807928855 0.0038939467631280422 42
1678807945060 0.015467672608792782 43
1678807961114 0.0015702436212450266 44
1678807977182 0.001764873624779284 45
1678807993404 0.0025006565265357494 46
1678808013376 0.0011969581246376038 47
1678808034902 0.002370614092797041 48
1678808054304 0.0021478678099811077 49
1678808073005 0.001853270805440843 50
1678808090747 0.0036749145947396755 51
1678808106764 0.0012730300659313798 52
1678808122642 0.0012478101998567581 53
1678808138342 0.026386220008134842 54
1678808154016 0.011428085155785084 55
1678808169726 0.004670335445553064 56
1678808186685 0.0012384860310703516 57
1678808203606 0.003928344696760178 58
1678808220131 0.002078691963106394 59
1678808235842 0.003513275645673275 60
1678808251439 0.001069551450200379 61
1678808268015 0.006299335975199938 62
1678808285859 0.0768308937549591 63
1678808303465 0.007396981120109558 64
1678808322474 0.004479031544178724 65
1678808342164 0.0015283206012099981 66
1678808361076 0.0019704196602106094 67
1678808378931 0.0018549419473856688 68
1678808396659 0.0010183812119066715 69
1678808415736 0.008938971906900406 70
1678808433002 0.0013063943479210138 71
1678808450346 0.001336177228949964 72
1678808467978 0.001782886916771531 73
1678808487570 0.0025493386201560497 74
1678808506669 0.00249303225427866 75
1678808525985 0.004625491797924042 76
1678808546153 0.022041305899620056 77
1678808564557 0.0030378266237676144 78
1678808582935 0.004102948121726513 79
1678808602807 0.0013278399128466845 80
1678808622423 0.001397096086293459 81
1678808641846 0.001021113246679306 82
1678808659661 0.004441495519131422 83
1678808676793 0.001342252129688859 84
1678808694063 0.0008498591487295926 85
1678808711261 0.0024176142178475857 86
1678808728552 0.006176683120429516 87
1678808745538 0.0017755841836333275 88
1678808762797 0.007902865298092365 89
1678808779593 0.0019156512571498752 90
1678808796839 0.0008086751331575215 91
1678808815138 0.0014665548224002123 92
1678808833933 0.0008177192066796124 93
1678808852243 0.002778773196041584 94
1678808870033 0.0007368680671788752 95
1678808887930 0.0016970577416941524 96
1678808906190 0.013874286785721779 97
1678808923924 0.0008507449529133737 98
1678808941539 0.0010318872518837452 99
1678808959074 0.001646598568186164 100
1678808976700 0.0007055134628899395 101
1678808994524 0.0006641955696977675 102
1678809012441 0.001124033355154097 103
1678809030325 0.0009464536560699344 104
1678809048071 0.0036216373555362225 105
1678809065488 0.0011858167126774788 106
1678809081224 0.0015272535383701324 107
1678809097402 0.001198861631564796 108
1678809113056 0.0011619924334809184 109
1678809129265 0.001099263085052371 110
1678809144986 0.004157520364969969 111
1678809161670 0.003974380437284708 112
1678809177749 0.0008269179961644113 113
1678809193914 0.0019468737300485373 114
1678809210155 0.0007688936311751604 115
1678809226415 0.0006368742324411869 116
1678809242793 0.0007448557298630476 117
1678809258587 0.0006611853605136275 118
1678809274733 0.0007116060587577522 119
1678809290937 0.0007851270493119955 120
1678809307061 0.0007118848152458668 121
1678809323151 0.0020617307163774967 122
1678809339379 0.0014396168990060687 123
1678809355019 0.0009167046518996358 124
1678809371222 0.0013055418385192752 125
1678809386952 0.0009391533094458282 126
1678809403088 0.00089308648603037 127
1678809418890 0.000418758048908785 128
1678809435180 0.0004321446758694947 129
1678809451051 0.0003819711273536086 130
1678809467238 0.00047869852278381586 131
1678809483244 0.0006344685680232942 132
1678809499500 0.000492825114633888 133
1678809515825 0.0005764008383266628 134
1678809531920 0.0024745091795921326 135
1678809547870 0.0005027463776059449 136
1678809563735 0.0006153388530947268 137
1678809579879 0.0004099672951269895 138
1678809595878 0.0006126335938461125 139
1678809612220 0.00376897188834846 140
1678809628084 0.00038735545240342617 141
1678809644478 0.0015659997006878257 142
1678809660744 0.0003692571772262454 143
1678809676830 0.01568853296339512 144
1678809693003 0.0014558529946953058 145
1678809708882 0.0005380242946557701 146
1678809725037 0.00028740381821990013 147
1678809741156 0.0025596260093152523 148
1678809757491 0.0013407838996499777 149
1678809773359 0.0004839029279537499 150
1678809789645 0.0005839312798343599 151
1678809805867 0.00029494267073459923 152
1678809822214 0.00040410328074358404 153
1678809838037 0.0012630532728508115 154
1678809854351 0.0003145771042909473 155
1678809870088 0.0004120008961763233 156
1678809886339 0.0010103500680997968 157
1678809902126 0.0009382163407281041 158
1678809918276 0.0009075123234651983 159
1678809934214 0.00031767296604812145 160
1678809950582 0.0004331290547270328 161
1678809966361 0.0002205194759881124 162
1678809982739 0.0022782061714679003 163
1678809998862 0.0003492675023153424 164
1678810014652 0.051401615142822266 165
1678810030833 0.0004027246905025095 166
1678810046661 0.00033511174842715263 167
1678810063353 0.0010579483350738883 168
1678810079187 0.0004895072779618204 169
1678810095366 0.0005516412784345448 170
1678810111457 0.0008973759249784052 171
1678810128044 0.005629339721053839 172
1678810144073 0.0021150331012904644 173
1678810160485 0.0011897290823981166 174
1678810176719 0.0009151831036433578 175
1678810193431 0.0010180736426264048 176
1678810209736 0.000525988289155066 177
1678810225815 0.002524059731513262 178
1678810241863 0.004705680999904871 179
1678810258007 0.014196362346410751 180
1678810274144 0.07716044038534164 181
1678810290199 0.0006806885357946157 182
1678810305978 0.00045610833331011236 183
1678810322407 0.019815152511000633 184
1678810338600 0.0017676271963864565 185
1678810354515 0.0011664575431495905 186
1678810370435 0.0022415458224713802 187
1678810386577 0.0070977844297885895 188
1678810402379 0.031616028398275375 189
1678810418595 0.0007753975805826485 190
1678810434716 0.007548424880951643 191
1678810450692 0.0014197829877957702 192
1678810466381 0.0021867079194635153 193
1678810482625 0.0009435348911210895 194
1678810498532 0.009797748178243637 195
1678810514796 0.003913928288966417 196
1678810530930 0.0013520453358069062 197
1678810547179 0.00106456084176898 198
1678810563442 0.0010746706975623965 199
1678810579558 0.0008330706041306257 200
1678810595373 0.002397466916590929 201
1678810611524 0.002016355749219656 202
1678810627753 0.0033200355246663094 203
1678810643902 0.0015326804714277387 204
1678810650173 0.014620058238506317 205
