1678807226595 0.4090909090909091 0
1678807246620 0.2727272727272727 1
1678807262971 0.28 2
1678807279601 0.42857142857142855 3
1678807294888 0.7619047619047619 4
1678807310739 0.5238095238095238 5
1678807326687 0.9047619047619048 6
1678807342187 1.0 7
1678807357738 0.4074074074074074 8
1678807374394 0.8695652173913043 9
1678807391050 0.8947368421052632 10
1678807407477 0.9545454545454546 11
1678807423619 0.9090909090909091 12
1678807439355 1.0 13
1678807455078 1.0 14
1678807471866 1.0 15
1678807491296 0.9583333333333334 16
1678807512444 0.88 17
1678807530944 1.0 18
1678807548799 1.0 19
1678807566278 1.0 20
1678807581885 1.0 21
1678807597637 1.0 22
1678807613520 1.0 23
1678807629301 1.0 24
1678807646113 1.0 25
1678807664729 0.96 26
1678807681004 1.0 27
1678807697243 1.0 28
1678807713529 1.0 29
1678807729687 1.0 30
1678807746921 1.0 31
1678807763636 1.0 32
1678807779892 1.0 33
1678807795838 1.0 34
1678807811859 1.0 35
1678807830215 1.0 36
1678807848089 1.0 37
1678807864035 1.0 38
1678807880080 1.0 39
1678807896126 1.0 40
1678807912822 1.0 41
1678807928855 1.0 42
1678807945060 0.9565217391304348 43
1678807961114 1.0 44
1678807977182 1.0 45
1678807993404 1.0 46
1678808013376 1.0 47
1678808034902 1.0 48
1678808054304 1.0 49
1678808073005 1.0 50
1678808090747 1.0 51
1678808106764 1.0 52
1678808122642 1.0 53
1678808138342 0.8846153846153846 54
1678808154016 0.96 55
1678808169726 1.0 56
1678808186685 1.0 57
1678808203606 1.0 58
1678808220131 1.0 59
1678808235842 1.0 60
1678808251439 1.0 61
1678808268015 1.0 62
1678808285859 1.0 63
1678808303465 1.0 64
1678808322474 1.0 65
1678808342164 1.0 66
1678808361076 1.0 67
1678808378931 1.0 68
1678808396659 1.0 69
1678808415736 1.0 70
1678808433002 1.0 71
1678808450346 1.0 72
1678808467978 1.0 73
1678808487570 1.0 74
1678808506669 1.0 75
1678808525985 1.0 76
1678808546153 0.92 77
1678808564557 1.0 78
1678808582935 1.0 79
1678808602807 1.0 80
1678808622423 1.0 81
1678808641846 1.0 82
1678808659661 1.0 83
1678808676793 1.0 84
1678808694063 1.0 85
1678808711261 1.0 86
1678808728552 1.0 87
1678808745538 1.0 88
1678808762797 1.0 89
1678808779593 1.0 90
1678808796839 1.0 91
1678808815138 1.0 92
1678808833933 1.0 93
1678808852243 1.0 94
1678808870033 1.0 95
1678808887930 1.0 96
1678808906190 0.9565217391304348 97
1678808923924 1.0 98
1678808941539 1.0 99
1678808959074 1.0 100
1678808976700 1.0 101
1678808994524 1.0 102
1678809012441 1.0 103
1678809030325 1.0 104
1678809048071 1.0 105
1678809065488 1.0 106
1678809081224 1.0 107
1678809097402 1.0 108
1678809113056 1.0 109
1678809129265 1.0 110
1678809144986 1.0 111
1678809161670 1.0 112
1678809177749 1.0 113
1678809193914 1.0 114
1678809210155 1.0 115
1678809226415 1.0 116
1678809242793 1.0 117
1678809258587 1.0 118
1678809274733 1.0 119
1678809290937 1.0 120
1678809307061 1.0 121
1678809323151 1.0 122
1678809339379 1.0 123
1678809355019 1.0 124
1678809371222 1.0 125
1678809386952 1.0 126
1678809403088 1.0 127
1678809418890 1.0 128
1678809435180 1.0 129
1678809451051 1.0 130
1678809467238 1.0 131
1678809483244 1.0 132
1678809499500 1.0 133
1678809515825 1.0 134
1678809531920 1.0 135
1678809547870 1.0 136
1678809563735 1.0 137
1678809579879 1.0 138
1678809595878 1.0 139
1678809612220 1.0 140
1678809628084 1.0 141
1678809644478 1.0 142
1678809660744 1.0 143
1678809676830 1.0 144
1678809693003 1.0 145
1678809708882 1.0 146
1678809725037 1.0 147
1678809741156 1.0 148
1678809757491 1.0 149
1678809773359 1.0 150
1678809789645 1.0 151
1678809805867 1.0 152
1678809822214 1.0 153
1678809838037 1.0 154
1678809854351 1.0 155
1678809870088 1.0 156
1678809886339 1.0 157
1678809902126 1.0 158
1678809918276 1.0 159
1678809934214 1.0 160
1678809950582 1.0 161
1678809966361 1.0 162
1678809982739 1.0 163
1678809998862 1.0 164
1678810014652 0.896551724137931 165
1678810030833 1.0 166
1678810046661 1.0 167
1678810063353 1.0 168
1678810079187 1.0 169
1678810095366 1.0 170
1678810111457 1.0 171
1678810128044 1.0 172
1678810144073 1.0 173
1678810160485 1.0 174
1678810176719 1.0 175
1678810193431 1.0 176
1678810209736 1.0 177
1678810225815 1.0 178
1678810241863 1.0 179
1678810258007 1.0 180
1678810274144 1.0 181
1678810290199 1.0 182
1678810305978 1.0 183
1678810322407 1.0 184
1678810338600 1.0 185
1678810354515 1.0 186
1678810370435 1.0 187
1678810386577 1.0 188
1678810402379 0.9583333333333334 189
1678810418595 1.0 190
1678810434716 0.9583333333333334 191
1678810450692 1.0 192
1678810466381 1.0 193
1678810482625 1.0 194
1678810498532 0.9130434782608695 195
1678810514796 1.0 196
1678810530930 1.0 197
1678810547179 1.0 198
1678810563442 1.0 199
1678810579558 1.0 200
1678810595373 1.0 201
1678810611524 1.0 202
1678810627753 1.0 203
1678810643902 1.0 204
1678810650173 0.9 205
