1678797953202 0.3154778778553009 0
1678797975550 0.2872714102268219 1
1678797994779 0.27443045377731323 2
1678798013988 0.2444332391023636 3
1678798032869 0.2370082437992096 4
1678798051649 0.2191365659236908 5
1678798070501 0.2306445688009262 6
1678798089416 0.18184782564640045 7
1678798108326 0.15533135831356049 8
1678798127174 0.13697819411754608 9
1678798146216 0.13374623656272888 10
1678798165091 0.13455773890018463 11
1678798184219 0.09745384752750397 12
1678798203342 0.09170094132423401 13
1678798222347 0.08494600653648376 14
1678798241680 0.07533924281597137 15
1678798260590 0.08776596188545227 16
1678798279495 0.08482292294502258 17
1678798298365 0.0631759762763977 18
1678798317300 0.042822759598493576 19
1678798336214 0.049188707023859024 20
1678798355150 0.03529229015111923 21
1678798374310 0.030018672347068787 22
1678798393314 0.030726570636034012 23
1678798412335 0.02612530253827572 24
1678798431265 0.015171492472290993 25
1678798450359 0.016168123111128807 26
1678798469494 0.05722540616989136 27
1678798488498 0.012795424088835716 28
1678798508759 0.02138783410191536 29
1678798528856 0.009516216814517975 30
1678798548861 0.021111035719513893 31
1678798569506 0.007271640934050083 32
1678798589614 0.0074113234877586365 33
1678798609235 0.006720599718391895 34
1678798628715 0.05036100000143051 35
1678798647893 0.004968372639268637 36
1678798667129 0.006894338876008987 37
1678798686509 0.007759973406791687 38
1678798705892 0.007430782541632652 39
1678798725243 0.07508925348520279 40
1678798744437 0.02733486145734787 41
1678798763633 0.0032195390667766333 42
1678798783924 0.007529770489782095 43
1678798804784 0.02033158764243126 44
1678798825326 0.0032944974955171347 45
1678798845371 0.01088089682161808 46
1678798865558 0.05329221114516258 47
1678798885806 0.006034722551703453 48
1678798905598 0.003468163078650832 49
1678798925236 0.002594469813629985 50
1678798945256 0.018566811457276344 51
1678798964814 0.02320704609155655 52
1678798985533 0.010262848809361458 53
1678799005402 0.013029403984546661 54
1678799025209 0.009620648808777332 55
1678799045211 0.007871128618717194 56
1678799065473 0.004282304085791111 57
1678799085226 0.002806824166327715 58
1678799104826 0.016356229782104492 59
1678799125096 0.0017971587367355824 60
1678799144718 0.0028854673728346825 61
1678799164644 0.005671510007232428 62
1678799183979 0.008421625941991806 63
1678799203816 0.003887387691065669 64
1678799223298 0.003659238573163748 65
1678799242542 0.0018563437042757869 66
1678799261831 0.00615624338388443 67
1678799282054 0.01799999736249447 68
1678799302993 0.0022143821697682142 69
1678799322854 0.011068165302276611 70
1678799342562 0.0024887260515242815 71
1678799362166 0.020364072173833847 72
1678799381587 0.003660013899207115 73
1678799400828 0.0366019606590271 74
1678799420516 0.0030586873181164265 75
1678799440246 0.006700526457279921 76
1678799459590 0.0011780908098444343 77
1678799478824 0.0014438987709581852 78
1678799498795 0.002633380936458707 79
1678799518416 0.013650615699589252 80
1678799537601 0.0016577498754486442 81
1678799556966 0.004670153837651014 82
1678799576296 0.005761459469795227 83
1678799596037 0.0011070396285504103 84
1678799615411 0.001653290819376707 85
1678799634858 0.0008456296636722982 86
1678799655334 0.0012972275726497173 87
1678799675816 0.0023643525782972574 88
1678799696240 0.007744334638118744 89
1678799716294 0.0013463222421705723 90
1678799736555 0.0026002046652138233 91
1678799756647 0.0062454985454678535 92
1678799777085 0.0014456340577453375 93
1678799797102 0.0009490177035331726 94
1678799817078 0.0020621700678020716 95
1678799837447 0.0011043031699955463 96
1678799858503 0.001783879823051393 97
1678799879020 0.0012261299416422844 98
1678799899648 0.0008209111983887851 99
1678799920306 0.006396450102329254 100
1678799940641 0.0009113446576520801 101
1678799960676 0.003378622466698289 102
1678799980848 0.0008894542115740478 103
1678800001061 0.0016982995439320803 104
1678800023434 0.002248362870886922 105
1678800046604 0.0007826645742170513 106
1678800066163 0.0008840520749799907 107
1678800087933 0.025237752124667168 108
1678800109593 0.0021142910700291395 109
1678800131127 0.0009003656450659037 110
1678800155026 0.005318714305758476 111
1678800176386 0.00096892163855955 112
1678800199216 0.003298084484413266 113
1678800221208 0.0008055192301981151 114
1678800243071 0.0006323271663859487 115
1678800265119 0.00228896364569664 116
1678800287327 0.0019552779849618673 117
1678800309262 0.0007247937028296292 118
1678800331198 0.000794147199485451 119
1678800353341 0.0009755894425325096 120
1678800375380 0.03615321218967438 121
1678800397191 0.0004790716338902712 122
1678800419838 0.005753959994763136 123
1678800441996 0.0007061244687065482 124
1678800464594 0.0008922124980017543 125
1678800487097 0.0006621029460802674 126
1678800508743 0.00047391914995387197 127
1678800530785 0.000637630932033062 128
1678800554078 0.0006055210833437741 129
1678800576511 0.0011389536084607244 130
1678800597962 0.018770994618535042 131
1678800619360 0.0009664589306339622 132
1678800640475 0.0006640588981099427 133
1678800661783 0.001951808575540781 134
1678800684114 0.00039586349157616496 135
1678800706387 0.0008098551770672202 136
1678800728565 0.0008384965476579964 137
1678800750465 0.014515139162540436 138
1678800772531 0.009705029428005219 139
1678800794566 0.011286325752735138 140
1678800816609 0.0006681445520371199 141
1678800837992 0.0028511418495327234 142
1678800859457 0.0012045684270560741 143
1678800880565 0.0021160102915018797 144
1678800901871 0.0006057123537175357 145
1678800922996 0.002396445721387863 146
1678800944377 0.013304051011800766 147
1678800965528 0.0021870105993002653 148
1678800986674 0.0006511377869173884 149
1678801007791 0.004160088486969471 150
1678801029038 0.0006617608014494181 151
1678801050365 0.001797597506083548 152
1678801071602 0.0017824507085606456 153
1678801092983 0.0005776017787866294 154
1678801114576 0.0005919974064454436 155
1678801135885 0.0010745920008048415 156
1678801157155 0.00041129207238554955 157
1678801176174 0.0012001305585727096 158
1678801195628 0.00033015894587151706 159
1678801215091 0.0004268605844117701 160
1678801234573 0.0005383875104598701 161
1678801254461 0.00032630577334202826 162
1678801273915 0.0001761040766723454 163
1678801293277 0.0004008122195955366 164
1678801312945 0.005332745146006346 165
1678801332344 0.0004405783547554165 166
1678801351872 0.0004922701045870781 167
1678801371233 0.000868631643243134 168
1678801390613 0.0006898397114127874 169
1678801410021 0.0006948815425857902 170
1678801429477 0.01187564991414547 171
1678801448892 0.0004954431788064539 172
1678801468296 0.0022036691661924124 173
1678801487660 0.0005935579538345337 174
1678801507311 0.0014346819370985031 175
1678801526844 0.0006023440510034561 176
1678801546257 0.0008227204089052975 177
1678801565795 0.0006574363214895129 178
1678801585311 0.011869464069604874 179
1678801604859 0.006381296087056398 180
1678801624324 0.0011457731015980244 181
1678801643776 0.0004178564122412354 182
1678801663324 0.0005407032440416515 183
1678801682654 0.0003211151633877307 184
1678801702098 0.00029698669095523655 185
1678801721519 0.00047462008660659194 186
1678801741117 0.00033897385583259165 187
1678801760730 0.0006647059926763177 188
1678801780229 0.007216090336441994 189
1678801799535 0.004196166526526213 190
1678801819195 0.0005548552726395428 191
1678801838637 0.00035446768742986023 192
1678801858072 0.0004579897504299879 193
1678801877544 0.0005163651658222079 194
1678801897266 0.0002705361694097519 195
1678801916713 0.0004962594830431044 196
1678801936043 0.001546078477986157 197
1678801955368 0.00024874956579878926 198
1678801975054 0.0003900201409123838 199
1678801994503 0.0010626643197610974 200
1678802014112 0.0003886016202159226 201
1678802033514 0.0024782360997051 202
1678802052813 0.007407846860587597 203
1678802072151 0.001505200401879847 204
1678802079992 0.013823849149048328 205
