1678797953202 0.0 0
1678797975550 0.0 1
1678797994779 0.0 2
1678798013988 0.0 3
1678798032869 0.0 4
1678798051649 0.0 5
1678798070501 0.0 6
1678798089416 1.0 7
1678798108326 1.0 8
1678798127174 1.0 9
1678798146216 1.0 10
1678798165091 1.0 11
1678798184219 1.0 12
1678798203342 1.0 13
1678798222347 1.0 14
1678798241680 1.0 15
1678798260590 1.0 16
1678798279495 1.0 17
1678798298365 1.0 18
1678798317300 1.0 19
1678798336214 1.0 20
1678798355150 1.0 21
1678798374310 1.0 22
1678798393314 1.0 23
1678798412335 1.0 24
1678798431265 1.0 25
1678798450359 1.0 26
1678798469494 1.0 27
1678798488498 1.0 28
1678798508759 1.0 29
1678798528856 1.0 30
1678798548861 1.0 31
1678798569506 1.0 32
1678798589614 1.0 33
1678798609235 1.0 34
1678798628715 1.0 35
1678798647893 1.0 36
1678798667129 1.0 37
1678798686509 1.0 38
1678798705892 1.0 39
1678798725243 1.0 40
1678798744437 1.0 41
1678798763633 1.0 42
1678798783924 1.0 43
1678798804784 1.0 44
1678798825326 1.0 45
1678798845371 1.0 46
1678798865558 1.0 47
1678798885806 1.0 48
1678798905598 1.0 49
1678798925236 1.0 50
1678798945256 1.0 51
1678798964814 1.0 52
1678798985533 1.0 53
1678799005402 1.0 54
1678799025209 1.0 55
1678799045211 1.0 56
1678799065473 1.0 57
1678799085226 1.0 58
1678799104826 1.0 59
1678799125096 1.0 60
1678799144718 1.0 61
1678799164644 1.0 62
1678799183979 1.0 63
1678799203816 1.0 64
1678799223298 1.0 65
1678799242542 1.0 66
1678799261831 1.0 67
1678799282054 1.0 68
1678799302993 1.0 69
1678799322854 1.0 70
1678799342562 1.0 71
1678799362166 1.0 72
1678799381587 1.0 73
1678799400828 1.0 74
1678799420516 1.0 75
1678799440246 1.0 76
1678799459590 1.0 77
1678799478824 1.0 78
1678799498795 1.0 79
1678799518416 1.0 80
1678799537601 1.0 81
1678799556966 1.0 82
1678799576296 1.0 83
1678799596037 1.0 84
1678799615411 1.0 85
1678799634858 1.0 86
1678799655334 1.0 87
1678799675816 1.0 88
1678799696240 1.0 89
1678799716294 1.0 90
1678799736555 1.0 91
1678799756647 1.0 92
1678799777085 1.0 93
1678799797102 1.0 94
1678799817078 1.0 95
1678799837447 1.0 96
1678799858503 1.0 97
1678799879020 1.0 98
1678799899648 1.0 99
1678799920306 1.0 100
1678799940641 1.0 101
1678799960676 1.0 102
1678799980848 1.0 103
1678800001061 1.0 104
1678800023434 1.0 105
1678800046604 1.0 106
1678800066163 1.0 107
1678800087933 1.0 108
1678800109593 1.0 109
1678800131127 1.0 110
1678800155026 1.0 111
1678800176386 1.0 112
1678800199216 1.0 113
1678800221208 1.0 114
1678800243071 1.0 115
1678800265119 1.0 116
1678800287327 1.0 117
1678800309262 1.0 118
1678800331198 1.0 119
1678800353341 1.0 120
1678800375380 1.0 121
1678800397191 1.0 122
1678800419838 1.0 123
1678800441996 1.0 124
1678800464594 1.0 125
1678800487097 1.0 126
1678800508743 1.0 127
1678800530785 1.0 128
1678800554078 1.0 129
1678800576511 1.0 130
1678800597962 1.0 131
1678800619360 1.0 132
1678800640475 1.0 133
1678800661783 1.0 134
1678800684114 1.0 135
1678800706387 1.0 136
1678800728565 1.0 137
1678800750465 1.0 138
1678800772531 1.0 139
1678800794566 1.0 140
1678800816609 1.0 141
1678800837992 1.0 142
1678800859457 1.0 143
1678800880565 1.0 144
1678800901871 1.0 145
1678800922996 1.0 146
1678800944377 1.0 147
1678800965528 1.0 148
1678800986674 1.0 149
1678801007791 1.0 150
1678801029038 1.0 151
1678801050365 1.0 152
1678801071602 1.0 153
1678801092983 1.0 154
1678801114576 1.0 155
1678801135885 1.0 156
1678801157155 1.0 157
1678801176174 1.0 158
1678801195628 1.0 159
1678801215091 1.0 160
1678801234573 1.0 161
1678801254461 1.0 162
1678801273915 1.0 163
1678801293277 1.0 164
1678801312945 1.0 165
1678801332344 1.0 166
1678801351872 1.0 167
1678801371233 1.0 168
1678801390613 1.0 169
1678801410021 1.0 170
1678801429477 1.0 171
1678801448892 1.0 172
1678801468296 1.0 173
1678801487660 1.0 174
1678801507311 1.0 175
1678801526844 1.0 176
1678801546257 1.0 177
1678801565795 1.0 178
1678801585311 1.0 179
1678801604859 1.0 180
1678801624324 1.0 181
1678801643776 1.0 182
1678801663324 1.0 183
1678801682654 1.0 184
1678801702098 1.0 185
1678801721519 1.0 186
1678801741117 1.0 187
1678801760730 1.0 188
1678801780229 1.0 189
1678801799535 1.0 190
1678801819195 1.0 191
1678801838637 1.0 192
1678801858072 1.0 193
1678801877544 1.0 194
1678801897266 1.0 195
1678801916713 1.0 196
1678801936043 1.0 197
1678801955368 1.0 198
1678801975054 1.0 199
1678801994503 1.0 200
1678802014112 1.0 201
1678802033514 1.0 202
1678802052813 1.0 203
1678802072151 1.0 204
1678802079992 1.0 205
