1678787812609 0.25 0
1678787858430 0.34375 1
1678787898478 0.3125 2
1678787936681 0.375 3
1678787969402 0.28125 4
1678788001666 0.59375 5
1678788035114 0.375 6
1678788068643 0.5 7
1678788101160 0.5625 8
1678788134180 0.78125 9
1678788168175 0.75 10
1678788200784 0.59375 11
1678788233953 0.8125 12
1678788267571 0.5 13
1678788303393 0.96875 14
1678788339283 0.8125 15
1678788371992 0.90625 16
1678788405334 0.9375 17
1678788435551 0.625 18
1678788471841 0.9375 19
1678788513168 0.96875 20
1678788548651 0.9375 21
1678788577001 1.0 22
1678788605317 1.0 23
1678788633547 1.0 24
1678788661516 1.0 25
1678788689607 1.0 26
1678788719882 0.96875 27
1678788747511 0.96875 28
1678788774773 0.96875 29
1678788801818 1.0 30
1678788829525 1.0 31
1678788858207 1.0 32
1678788886547 1.0 33
1678788915094 0.96875 34
1678788944319 0.96875 35
1678788971542 0.96875 36
1678789000611 1.0 37
1678789028091 0.90625 38
1678789059806 1.0 39
1678789090123 1.0 40
1678789118349 0.96875 41
1678789147359 0.96875 42
1678789175620 1.0 43
1678789208166 1.0 44
1678789236269 1.0 45
1678789264684 1.0 46
1678789293004 1.0 47
1678789320673 1.0 48
1678789348412 1.0 49
1678789376209 0.96875 50
1678789404240 1.0 51
1678789433683 1.0 52
1678789472972 1.0 53
1678789506235 1.0 54
1678789537542 0.96875 55
1678789568340 1.0 56
1678789599502 1.0 57
1678789629988 1.0 58
1678789660025 0.96875 59
1678789692145 1.0 60
1678789722295 1.0 61
1678789755146 1.0 62
1678789786053 1.0 63
1678789817653 1.0 64
1678789848107 1.0 65
1678789878259 1.0 66
1678789910521 1.0 67
1678789941348 1.0 68
1678789971177 1.0 69
1678790000681 1.0 70
1678790030458 1.0 71
1678790063045 1.0 72
1678790093026 1.0 73
1678790123277 1.0 74
1678790153476 0.96875 75
1678790185516 1.0 76
1678790217785 0.9375 77
1678790248314 1.0 78
1678790279390 1.0 79
1678790311174 1.0 80
1678790341785 1.0 81
1678790373309 1.0 82
1678790403059 1.0 83
1678790433119 1.0 84
1678790462944 1.0 85
1678790492041 1.0 86
1678790524324 1.0 87
1678790553771 1.0 88
1678790582044 1.0 89
1678790610544 1.0 90
1678790639710 1.0 91
1678790669513 0.9375 92
1678790699698 1.0 93
1678790728162 1.0 94
1678790757562 1.0 95
1678790787213 1.0 96
1678790816151 1.0 97
1678790845798 1.0 98
1678790875115 1.0 99
1678790904287 0.96875 100
1678790934784 1.0 101
1678790963386 1.0 102
1678790993262 1.0 103
1678791022324 0.96875 104
1678791050719 1.0 105
1678791069563 1.0 106
1678791088129 1.0 107
1678791106579 1.0 108
1678791125254 1.0 109
1678791143962 0.9375 110
1678791162605 1.0 111
1678791181134 1.0 112
1678791199790 1.0 113
1678791218513 1.0 114
1678791237209 1.0 115
1678791255901 1.0 116
1678791274595 1.0 117
1678791293376 1.0 118
1678791312091 1.0 119
1678791330831 1.0 120
1678791349724 1.0 121
1678791368599 1.0 122
1678791387395 1.0 123
1678791406005 0.96875 124
1678791424678 1.0 125
1678791445060 1.0 126
1678791465857 1.0 127
1678791486248 1.0 128
1678791506678 1.0 129
1678791527156 1.0 130
1678791547637 1.0 131
1678791568167 1.0 132
1678791588675 1.0 133
1678791609339 1.0 134
1678791630234 1.0 135
1678791650626 1.0 136
1678791669378 1.0 137
1678791688021 1.0 138
1678791706779 1.0 139
1678791725474 1.0 140
1678791744092 1.0 141
1678791762726 1.0 142
1678791781399 1.0 143
1678791800900 1.0 144
1678791819172 1.0 145
1678791837134 1.0 146
1678791855166 1.0 147
1678791873137 1.0 148
1678791891183 1.0 149
1678791909253 1.0 150
1678791927414 1.0 151
1678791945641 1.0 152
1678791963761 1.0 153
1678791981789 1.0 154
1678791999779 1.0 155
1678792017787 1.0 156
1678792035788 1.0 157
1678792053722 1.0 158
1678792072829 1.0 159
1678792093189 1.0 160
1678792112198 1.0 161
1678792130898 1.0 162
1678792149830 1.0 163
1678792168819 1.0 164
1678792187400 1.0 165
1678792206098 1.0 166
1678792224620 1.0 167
1678792243256 1.0 168
1678792261877 1.0 169
1678792280379 1.0 170
1678792298952 1.0 171
1678792317683 1.0 172
1678792336902 1.0 173
1678792355393 0.96875 174
1678792374035 1.0 175
1678792392586 0.96875 176
1678792411119 1.0 177
1678792429725 1.0 178
1678792448676 1.0 179
1678792467210 1.0 180
1678792485801 1.0 181
1678792504372 1.0 182
1678792522879 1.0 183
1678792541469 1.0 184
1678792560034 1.0 185
1678792578588 1.0 186
1678792597144 1.0 187
1678792615621 1.0 188
1678792634192 1.0 189
1678792652760 1.0 190
1678792671295 1.0 191
1678792689902 1.0 192
1678792708446 1.0 193
1678792727055 1.0 194
1678792745574 1.0 195
1678792764042 1.0 196
1678792782589 1.0 197
1678792801095 1.0 198
1678792819645 1.0 199
1678792838200 0.96875 200
1678792856776 1.0 201
1678792876381 1.0 202
1678792894858 1.0 203
1678792913460 1.0 204
1678792920847 1.0 205
