1678787812609 0.31872206926345825 0
1678787858430 0.30966782569885254 1
1678787898478 0.2603810429573059 2
1678787936681 0.2661561965942383 3
1678787969402 0.25331026315689087 4
1678788001666 0.2826399803161621 5
1678788035114 0.1973075121641159 6
1678788068643 0.18693211674690247 7
1678788101160 0.1888393610715866 8
1678788134180 0.16566778719425201 9
1678788168175 0.16344386339187622 10
1678788200784 0.1291445940732956 11
1678788233953 0.12974333763122559 12
1678788267571 0.15331055223941803 13
1678788303393 0.10678349435329437 14
1678788339283 0.07539752870798111 15
1678788371992 0.07443331927061081 16
1678788405334 0.06427161395549774 17
1678788435551 0.14429104328155518 18
1678788471841 0.04198002442717552 19
1678788513168 0.04145995154976845 20
1678788548651 0.0792904943227768 21
1678788577001 0.03233624994754791 22
1678788605317 0.027334634214639664 23
1678788633547 0.025294968858361244 24
1678788661516 0.030759232118725777 25
1678788689607 0.014775032177567482 26
1678788719882 0.02044016122817993 27
1678788747511 0.03591565787792206 28
1678788774773 0.03596929833292961 29
1678788801818 0.018292708322405815 30
1678788829525 0.013593916781246662 31
1678788858207 0.006871337071061134 32
1678788886547 0.01585550792515278 33
1678788915094 0.01832643337547779 34
1678788944319 0.013585943728685379 35
1678788971542 0.017753226682543755 36
1678789000611 0.005379192531108856 37
1678789028091 0.04746738821268082 38
1678789059806 0.007170937955379486 39
1678789090123 0.00432241428643465 40
1678789118349 0.010956734418869019 41
1678789147359 0.027759602293372154 42
1678789175620 0.008585449308156967 43
1678789208166 0.02456752397119999 44
1678789236269 0.004360510967671871 45
1678789264684 0.005384164862334728 46
1678789293004 0.005288038868457079 47
1678789320673 0.005351687781512737 48
1678789348412 0.00437205471098423 49
1678789376209 0.011187771335244179 50
1678789404240 0.002689220942556858 51
1678789433683 0.014397361315786839 52
1678789472972 0.002665027743205428 53
1678789506235 0.002360661281272769 54
1678789537542 0.08583243936300278 55
1678789568340 0.002992391586303711 56
1678789599502 0.0060924505814909935 57
1678789629988 0.0032494650222361088 58
1678789660025 0.01392352394759655 59
1678789692145 0.002879948588088155 60
1678789722295 0.007335435599088669 61
1678789755146 0.00201024254783988 62
1678789786053 0.003902559168636799 63
1678789817653 0.001846824656240642 64
1678789848107 0.0033981481101363897 65
1678789878259 0.00451115146279335 66
1678789910521 0.001986466581001878 67
1678789941348 0.005586366634815931 68
1678789971177 0.0033915869425982237 69
1678790000681 0.006837949156761169 70
1678790030458 0.0023511797189712524 71
1678790063045 0.0028528242837637663 72
1678790093026 0.0034024345222860575 73
1678790123277 0.002808526623994112 74
1678790153476 0.00980497244745493 75
1678790185516 0.0025992130395025015 76
1678790217785 0.01997418887913227 77
1678790248314 0.0015815825900062919 78
1678790279390 0.0019497900502756238 79
1678790311174 0.0009898964781314135 80
1678790341785 0.0012380733387544751 81
1678790373309 0.0011344521772116423 82
1678790403059 0.0011819363571703434 83
1678790433119 0.010260325856506824 84
1678790462944 0.0008540864801034331 85
1678790492041 0.0012552093248814344 86
1678790524324 0.0031089389231055975 87
1678790553771 0.003052150597795844 88
1678790582044 0.0029518003575503826 89
1678790610544 0.0015800767578184605 90
1678790639710 0.001691178185865283 91
1678790669513 0.061953358352184296 92
1678790699698 0.0017010241281241179 93
1678790728162 0.001008687075227499 94
1678790757562 0.0017441107193008065 95
1678790787213 0.001648673671297729 96
1678790816151 0.001592707820236683 97
1678790845798 0.0035323407500982285 98
1678790875115 0.00404677027836442 99
1678790904287 0.007938509806990623 100
1678790934784 0.00298599386587739 101
1678790963386 0.0031182696111500263 102
1678790993262 0.006614640820771456 103
1678791022324 0.008776411414146423 104
1678791050719 0.0024885176680982113 105
1678791069563 0.006094727199524641 106
1678791088129 0.0042753866873681545 107
1678791106579 0.014943824149668217 108
1678791125254 0.003820782760158181 109
1678791143962 0.051852237433195114 110
1678791162605 0.0029425914399325848 111
1678791181134 0.0014823901001363993 112
1678791199790 0.0011683455668389797 113
1678791218513 0.001909099635668099 114
1678791237209 0.0017237914726138115 115
1678791255901 0.0026090540923178196 116
1678791274595 0.0029071206226944923 117
1678791293376 0.0015249100979417562 118
1678791312091 0.001591794192790985 119
1678791330831 0.009953306056559086 120
1678791349724 0.002717717783525586 121
1678791368599 0.001659334171563387 122
1678791387395 0.0008593251113779843 123
1678791406005 0.021126411855220795 124
1678791424678 0.0008899412350729108 125
1678791445060 0.0018214952433481812 126
1678791465857 0.000979990465566516 127
1678791486248 0.0020554426591843367 128
1678791506678 0.0027323709800839424 129
1678791527156 0.001352691906504333 130
1678791547637 0.00307051045820117 131
1678791568167 0.0010792026296257973 132
1678791588675 0.0011749033583328128 133
1678791609339 0.001153246033936739 134
1678791630234 0.0007196066435426474 135
1678791650626 0.0010503222001716495 136
1678791669378 0.0018859165720641613 137
1678791688021 0.004352514166384935 138
1678791706779 0.0013653291389346123 139
1678791725474 0.0033213882707059383 140
1678791744092 0.0014874207554385066 141
1678791762726 0.0020221304148435593 142
1678791781399 0.005507569294422865 143
1678791800900 0.0019419121090322733 144
1678791819172 0.00034530568518675864 145
1678791837134 0.004952399525791407 146
1678791855166 0.002447647973895073 147
1678791873137 0.0008012463804334402 148
1678791891183 0.0031449960079044104 149
1678791909253 0.0005074040382169187 150
1678791927414 0.000783790834248066 151
1678791945641 0.0007141362875699997 152
1678791963761 0.00046082722838036716 153
1678791981789 0.0004896052996627986 154
1678791999779 0.0005976578686386347 155
1678792017787 0.0006103370687924325 156
1678792035788 0.00256293429993093 157
1678792053722 0.0004107263230253011 158
1678792072829 0.00037114531733095646 159
1678792093189 0.0012644481612369418 160
1678792112198 0.0020185925532132387 161
1678792130898 0.00048527822946198285 162
1678792149830 0.0003236983611714095 163
1678792168819 0.003683477872982621 164
1678792187400 0.0011166996555402875 165
1678792206098 0.001686774310655892 166
1678792224620 0.0006984309875406325 167
1678792243256 0.002200499176979065 168
1678792261877 0.0009676618501543999 169
1678792280379 0.002369222231209278 170
1678792298952 0.000393323483876884 171
1678792317683 0.0008173699607141316 172
1678792336902 0.001271482091397047 173
1678792355393 0.007610303349792957 174
1678792374035 0.0006069622468203306 175
1678792392586 0.013891931623220444 176
1678792411119 0.000402504054363817 177
1678792429725 0.0011413946049287915 178
1678792448676 0.0006926083005964756 179
1678792467210 0.0004256429965607822 180
1678792485801 0.0007824040949344635 181
1678792504372 0.0003277809883002192 182
1678792522879 0.00036021851701661944 183
1678792541469 0.0004205054137855768 184
1678792560034 0.0005717647145502269 185
1678792578588 0.00041825242806226015 186
1678792597144 0.0006726288702338934 187
1678792615621 0.0008720636833459139 188
1678792634192 0.001053362968377769 189
1678792652760 0.0007958600181154907 190
1678792671295 0.001352135674096644 191
1678792689902 0.0014585088938474655 192
1678792708446 0.0012011741055175662 193
1678792727055 0.020342085510492325 194
1678792745574 0.0005833333125337958 195
1678792764042 0.0003157044411636889 196
1678792782589 0.00044064808753319085 197
1678792801095 0.000676655035931617 198
1678792819645 0.0010682506253942847 199
1678792838200 0.005549609195441008 200
1678792856776 0.002658675890415907 201
1678792876381 0.0007000552141107619 202
1678792894858 0.0008757903706282377 203
1678792913460 0.0005509510519914329 204
1678792920847 0.007518617901951075 205
